 1960          1            .0            .0            1.0           744.0         .000
 1960          2            .0            .0            1.0           696.0         .000
 1960          3            .0            .0            1.0           744.0         .000
 1960          4            10.0          12.6          11.0          54.0          .643
 1960          5            6.0           11.0          6.0           112.5         1.082
 1960          6            7.0           14.6          8.0           77.3          2.036
 1960          7            4.0           10.5          4.0           174.8         2.136
 1960          8            13.0          17.5          14.0          36.9          3.618
 1960          9            11.0          11.7          12.0          49.3          3.242
 1960          10           .0            .0            1.0           744.0         .000
 1960          11           .0            .0            1.0           720.0         .000
 1960          12           .0            .0            1.0           744.0         .000
 1961          1            .0            .0            1.0           744.0         .000
 1961          2            5.0           16.8          6.0           98.0          .614
 1961          3            5.0           12.0          6.0           114.0         .625
 1961          4            7.0           8.6           8.0           82.5          .823
 1961          5            8.0           18.0          8.0           74.4          2.584
 1961          6            5.0           12.8          6.0           109.3         3.394
 1961          7            1.0           24.0          2.0           360.0         1.979
 1961          8            8.0           13.1          9.0           71.0          2.341
 1961          9            15.0          11.8          16.0          33.9          1.309
 1961          10           8.0           12.0          9.0           72.0          1.560
 1961          11           .0            .0            1.0           720.0         .000
 1961          12           .0            .0            1.0           744.0         .000
 1962          1            .0            .0            1.0           744.0         .000
 1962          2            .0            .0            1.0           672.0         .000
 1962          3            .0            .0            1.0           744.0         .000
 1962          4            13.0          11.2          14.0          41.0          1.116
 1962          5            12.0          14.9          13.0          43.5          1.104
 1962          6            12.0          14.3          13.0          42.2          1.777
 1962          7            4.0           23.8          5.0           129.8         2.775
 1962          8            14.0          9.6           14.0          43.5          3.304
 1962          9            13.0          10.9          13.0          44.5          4.787
 1962          10           4.0           30.5          5.0           124.4         1.774
 1962          11           .0            .0            1.0           720.0         .000
 1962          12           .0            .0            1.0           744.0         .000
 1963          1            .0            .0            1.0           744.0         .000
 1963          2            .0            .0            1.0           672.0         .000
 1963          3            .0            .0            1.0           744.0         .000
 1963          4            11.0          9.9           12.0          50.9          1.151
 1963          5            10.0          15.7          11.0          53.4          1.182
 1963          6            11.0          12.1          12.0          48.9          1.259
 1963          7            12.0          9.5           13.0          48.5          1.611
 1963          8            13.0          4.1           14.0          49.4          3.543
 1963          9            12.0          15.1          12.0          44.9          2.067
 1963          10           1.0           7.0           1.0           737.0         1.257
 1963          11           .0            .0            1.0           720.0         .000
 1963          12           .0            .0            1.0           744.0         .000
 1964          1            .0            .0            1.0           744.0         .000
 1964          2            .0            .0            1.0           696.0         .000
 1964          3            .0            .0            1.0           744.0         .000
 1964          4            10.0          9.7           11.0          56.6          .645
 1964          5            12.0          11.7          13.0          46.5          1.561
 1964          6            11.0          15.7          12.0          45.6          1.298
 1964          7            3.0           10.7          4.0           178.0         1.397
 1964          8            12.0          5.8           13.0          51.9          1.820
 1964          9            6.0           17.0          7.0           88.3          1.644
 1964          10           8.0           14.5          9.0           69.8          1.105
 1964          11           .0            .0            1.0           720.0         .000
 1964          12           .0            .0            1.0           744.0         .000
 1965          1            .0            .0            1.0           744.0         .000
 1965          2            .0            .0            1.0           672.0         .000
 1965          3            5.0           12.0          6.0           114.0         .562
 1965          4            10.0          12.2          11.0          54.4          1.382
 1965          5            10.0          9.2           11.0          59.3          1.642
 1965          6            13.0          15.6          14.0          36.9          .849
 1965          7            10.0          12.1          11.0          56.6          2.101
 1965          8            8.0           7.9           9.0           75.7          3.060
 1965          9            5.0           15.0          5.0           129.0         1.407
 1965          10           .0            .0            1.0           735.0         .000
 1965          11           .0            .0            1.0           720.0         .000
 1965          12           .0            .0            1.0           744.0         .000
 1966          1            .0            .0            1.0           744.0         .000
 1966          2            .0            .0            1.0           672.0         .000
 1966          3            .0            .0            1.0           744.0         .000
 1966          4            19.0          7.8           20.0          28.6          1.049
 1966          5            8.0           11.6          8.0           81.0          1.208
 1966          6            8.0           21.6          9.0           60.8          1.435
 1966          7            8.0           10.1          9.0           73.7          1.078
 1966          8            5.0           13.2          6.0           113.0         2.005
 1966          9            4.0           13.8          5.0           133.0         3.796
 1966          10           .0            .0            1.0           744.0         .000
 1966          11           .0            .0            1.0           720.0         .000
 1966          12           .0            .0            1.0           744.0         .000
 1967          1            .0            .0            1.0           744.0         .000
 1967          2            .0            .0            1.0           672.0         .000
 1967          3            .0            .0            1.0           744.0         .000
 1967          4            11.0          8.8           11.0          56.6          .940
 1967          5            14.0          11.5          14.0          41.6          1.638
 1967          6            7.0           22.9          7.0           80.0          1.375
 1967          7            8.0           10.6          8.0           82.4          1.000
 1967          8            5.0           7.4           5.0           141.4         1.887
 1967          9            4.0           2.8           5.0           141.8         4.100
 1967          10           .0            .0            1.0           744.0         .000
 1967          11           .0            .0            1.0           720.0         .000
 1967          12           .0            .0            1.0           744.0         .000
 1968          1            .0            .0            1.0           744.0         .000
 1968          2            .0            .0            1.0           696.0         .000
 1968          3            .0            .0            1.0           744.0         .000
 1968          4            10.0          8.7           11.0          57.5          .823
 1968          5            10.0          13.8          10.0          60.3          .759
 1968          6            12.0          10.4          12.0          49.3          2.328
 1968          7            9.0           11.0          10.0          64.5          1.133
 1968          8            8.0           5.1           9.0           78.1          2.188
 1968          9            7.0           16.6          8.0           75.5          1.604
 1968          10           5.0           10.0          6.0           115.7         1.940
 1968          11           .0            .0            1.0           720.0         .000
 1968          12           .0            .0            1.0           744.0         .000
 1969          1            .0            .0            1.0           744.0         .000
 1969          2            .0            .0            1.0           672.0         .000
 1969          3            .0            .0            1.0           744.0         .000
 1969          4            8.0           7.4           9.0           73.4          1.051
 1969          5            8.0           13.4          9.0           70.8          1.445
 1969          6            12.0          13.3          13.0          43.2          1.360
 1969          7            9.0           11.2          10.0          64.3          2.104
 1969          8            8.0           16.8          8.0           76.3          1.480
 1969          9            8.0           14.1          8.0           75.9          2.584
 1969          10           .0            .0            1.0           744.0         .000
 1969          11           .0            .0            1.0           720.0         .000
 1969          12           .0            .0            1.0           744.0         .000
 1970          1            .0            .0            1.0           744.0         .000
 1970          2            .0            .0            1.0           672.0         .000
 1970          3            .0            .0            1.0           744.0         .000
 1970          4            10.0          11.4          11.0          55.1          .780
 1970          5            11.0          14.6          12.0          48.6          .815
 1970          6            13.0          16.5          13.0          38.5          1.691
 1970          7            6.0           12.0          7.0           96.0          1.650
 1970          8            8.0           9.4           9.0           74.3          1.415
 1970          9            8.0           22.0          9.0           60.4          2.427
 1970          10           .0            .0            1.0           744.0         .000
 1970          11           .0            .0            1.0           720.0         .000
 1970          12           .0            .0            1.0           744.0         .000
 1971          1            .0            .0            1.0           744.0         .000
 1971          2            .0            .0            1.0           672.0         .000
 1971          3            .0            .0            1.0           744.0         .000
 1971          4            .0            .0            1.0           720.0         .000
 1971          5            .0            .0            1.0           744.0         .000
 1971          6            .0            .0            1.0           720.0         .000
 1971          7            2.0           10.0          3.0           241.3         2.590
 1971          8            .0            .0            1.0           744.0         .000
 1971          9            3.0           35.3          4.0           153.5         3.469
 1971          10           .0            .0            1.0           744.0         .000
 1971          11           .0            .0            1.0           720.0         .000
 1971          12           .0            .0            1.0           744.0         .000
 1972          1            .0            .0            1.0           744.0         .000
 1972          2            .0            .0            1.0           696.0         .000
 1972          3            .0            .0            1.0           744.0         .000
 1972          4            .0            .0            1.0           720.0         .000
 1972          5            .0            .0            1.0           744.0         .000
 1972          6            2.0           13.5          3.0           231.0         2.470
 1972          7            9.0           12.7          10.0          63.0          1.687
 1972          8            10.0          20.3          11.0          49.2          3.305
 1972          9            4.0           6.0           5.0           139.2         3.088
 1972          10           3.0           11.3          4.0           177.5         3.012
 1972          11           .0            .0            1.0           720.0         .000
 1972          12           .0            .0            1.0           744.0         .000
 1973          1            .0            .0            1.0           744.0         .000
 1973          2            .0            .0            1.0           672.0         .000
 1973          3            .0            .0            1.0           744.0         .000
 1973          4            14.0          12.1          15.0          36.7          1.095
 1973          5            17.0          16.6          17.0          27.1          1.095
 1973          6            14.0          15.1          14.0          36.4          1.378
 1973          7            17.0          8.4           18.0          33.4          1.487
 1973          8            6.0           34.0          7.0           77.1          1.850
 1973          9            12.0          12.5          13.0          43.8          2.006
 1973          10           5.0           23.2          6.0           104.7         2.114
 1973          11           .0            .0            1.0           720.0         .000
 1973          12           .0            .0            1.0           744.0         .000
 1974          1            .0            .0            1.0           744.0         .000
 1974          2            .0            .0            1.0           672.0         .000
 1974          3            .0            .0            1.0           744.0         .000
 1974          4            5.0           11.2          5.0           132.8         1.384
 1974          5            10.0          11.1          11.0          57.5          1.472
 1974          6            7.0           16.9          8.0           75.3          1.409
 1974          7            13.0          6.2           14.0          47.4          3.070
 1974          8            5.0           34.4          6.0           95.3          2.903
 1974          9            7.0           16.1          7.0           86.7          .946
 1974          10           9.0           15.8          10.0          60.2          2.004
 1974          11           .0            .0            1.0           720.0         .000
 1974          12           .0            .0            1.0           744.0         .000
 1975          1            .0            .0            1.0           744.0         .000
 1975          2            .0            .0            1.0           672.0         .000
 1975          3            .0            .0            1.0           744.0         .000
 1975          4            17.0          8.8           18.0          31.7          1.279
 1975          5            10.0          20.9          11.0          48.6          .684
 1975          6            8.0           22.5          9.0           60.0          1.228
 1975          7            12.0          5.0           13.0          52.6          4.983
 1975          8            12.0          22.0          13.0          36.9          1.836
 1975          9            12.0          7.4           12.0          52.5          3.274
 1975          10           10.0          19.6          11.0          49.8          1.477
 1975          11           .0            .0            1.0           720.0         .000
 1975          12           .0            .0            1.0           744.0         .000
 1976          1            .0            .0            1.0           744.0         .000
 1976          2            .0            .0            1.0           696.0         .000
 1976          3            .0            .0            1.0           744.0         .000
 1976          4            9.0           9.8           10.0          63.2          1.673
 1976          5            11.0          17.7          12.0          45.8          .877
 1976          6            16.0          13.1          17.0          30.0          2.299
 1976          7            9.0           11.7          10.0          63.9          1.312
 1976          8            9.0           8.4           9.0           74.2          2.380
 1976          9            10.0          8.7           9.0           70.3          1.403
 1976          10           6.0           11.3          6.0           112.7         1.213
 1976          11           .0            .0            1.0           720.0         .000
 1976          12           .0            .0            1.0           744.0         .000
 1977          1            .0            .0            1.0           744.0         .000
 1977          2            .0            .0            1.0           672.0         .000
 1977          3            .0            .0            1.0           744.0         .000
 1977          4            16.0          11.8          16.0          33.2          1.010
 1977          5            16.0          11.3          16.0          35.3          1.198
 1977          6            9.0           21.9          9.0           58.1          1.286
 1977          7            8.0           19.0          9.0           65.8          2.820
 1977          8            9.0           10.2          10.0          65.2          1.604
 1977          9            8.0           21.9          9.0           60.6          2.013
 1977          10           4.0           10.5          4.0           175.5         .552
 1977          11           .0            .0            1.0           711.0         .000
 1977          12           .0            .0            1.0           744.0         .000
 1978          1            .0            .0            1.0           744.0         .000
 1978          2            .0            .0            1.0           672.0         .000
 1978          3            .0            .0            1.0           744.0         .000
 1978          4            6.0           11.3          7.0           93.1          1.112
 1978          5            10.0          19.1          10.0          55.0          .969
 1978          6            12.0          12.4          12.0          47.3          1.538
 1978          7            6.0           11.5          7.0           96.4          2.117
 1978          8            13.0          14.1          14.0          40.1          1.879
 1978          9            5.0           19.4          6.0           103.8         .702
 1978          10           3.0           3.0           4.0           183.8         .433
 1978          11           .0            .0            1.0           720.0         .000
 1978          12           .0            .0            1.0           744.0         .000
 1979          1            .0            .0            1.0           744.0         .000
 1979          2            .0            .0            1.0           672.0         .000
 1979          3            .0            .0            1.0           744.0         .000
 1979          4            13.0          9.6           13.0          45.8          .916
 1979          5            9.0           10.6          10.0          64.9          .909
 1979          6            7.0           12.7          8.0           78.9          1.617
 1979          7            15.0          8.1           16.0          38.9          1.844
 1979          8            7.0           19.0          8.0           76.4          2.097
 1979          9            8.0           6.3           9.0           74.4          3.022
 1979          10           .0            .0            1.0           744.0         .000
 1979          11           .0            .0            1.0           720.0         .000
 1979          12           .0            .0            1.0           744.0         .000
 1980          1            .0            .0            1.0           744.0         .000
 1980          2            .0            .0            1.0           696.0         .000
 1980          3            .0            .0            1.0           744.0         .000
 1980          4            14.0          12.1          15.0          36.7          1.180
 1980          5            8.0           12.6          9.0           71.4          1.719
 1980          6            12.0          11.3          13.0          45.0          1.322
 1980          7            12.0          6.8           13.0          50.9          1.624
 1980          8            18.0          12.2          18.0          28.9          1.881
 1980          9            4.0           20.5          5.0           127.6         2.165
 1980          10           5.0           15.0          6.0           111.5         .912
 1980          11           .0            .0            1.0           720.0         .000
 1980          12           .0            .0            1.0           744.0         .000
 1981          1            .0            .0            1.0           744.0         .000
 1981          2            .0            .0            1.0           672.0         .000
 1981          3            .0            .0            1.0           744.0         .000
 1981          4            15.0          9.3           16.0          36.3          .680
 1981          5            13.0          10.7          14.0          43.2          1.255
 1981          6            10.0          12.0          11.0          54.5          1.213
 1981          7            12.0          14.6          13.0          43.8          2.853
 1981          8            16.0          9.3           16.0          36.9          3.382
 1981          9            4.0           32.8          5.0           117.8         2.048
 1981          10           7.0           11.9          8.0           82.6          1.054
 1981          11           .0            .0            1.0           720.0         .000
 1981          12           .0            .0            1.0           744.0         .000
 1982          1            .0            .0            1.0           744.0         .000
 1982          2            .0            .0            1.0           672.0         .000
 1982          3            .0            .0            1.0           744.0         .000
 1982          4            8.0           11.5          9.0           69.8          .883
 1982          5            8.0           12.0          9.0           72.0          .753
 1982          6            8.0           31.9          8.0           58.1          1.029
 1982          7            14.0          13.9          14.0          39.1          2.873
 1982          8            15.0          7.9           16.0          39.1          2.106
 1982          9            8.0           8.5           9.0           72.4          .969
 1982          10           5.0           17.0          6.0           109.8         .887
 1982          11           .0            .0            1.0           720.0         .000
 1982          12           .0            .0            1.0           744.0         .000
 1983          1            .0            .0            1.0           744.0         .000
 1983          2            .0            .0            1.0           672.0         .000
 1983          3            .0            .0            1.0           744.0         .000
 1983          4            14.0          14.0          14.0          37.4          .883
 1983          5            8.0           13.9          9.0           70.3          1.923
 1983          6            11.0          17.1          12.0          44.3          1.008
 1983          7            7.0           24.1          8.0           71.9          .863
 1983          8            10.0          12.6          11.0          56.2          2.589
 1983          9            8.0           16.5          8.0           73.1          1.777
 1983          10           6.0           22.8          7.0           86.7          1.208
 1983          11           .0            .0            1.0           720.0         .000
 1983          12           .0            .0            1.0           744.0         .000
 1984          1            .0            .0            1.0           744.0         .000
 1984          2            .0            .0            1.0           696.0         .000
 1984          3            .0            .0            1.0           744.0         .000
 1984          4            13.0          13.2          14.0          39.2          .799
 1984          5            10.0          19.1          10.0          55.3          1.309
 1984          6            8.0           25.8          9.0           57.1          1.198
 1984          7            12.0          5.1           13.0          52.5          2.549
 1984          8            9.0           19.4          9.0           62.9          1.369
 1984          9            9.0           14.7          10.0          58.8          1.421
 1984          10           4.0           22.8          5.0           130.6         .898
 1984          11           .0            .0            1.0           720.0         .000
 1984          12           .0            .0            1.0           744.0         .000
 1985          1            .0            .0            1.0           744.0         .000
 1985          2            .0            .0            1.0           672.0         .000
 1985          3            .0            .0            1.0           744.0         .000
 1985          4            6.0           12.8          7.0           91.9          .577
 1985          5            10.0          12.4          11.0          56.4          .856
 1985          6            7.0           32.1          8.0           61.9          .715
 1985          7            8.0           11.1          9.0           72.8          3.557
 1985          8            11.0          16.1          12.0          47.3          2.745
 1985          9            10.0          19.7          11.0          47.5          .930
 1985          10           5.0           19.2          6.0           108.0         .671
 1985          11           .0            .0            1.0           720.0         .000
 1985          12           .0            .0            1.0           744.0         .000
 1986          1            .0            .0            1.0           744.0         .000
 1986          2            .0            .0            1.0           672.0         .000
 1986          3            .0            .0            1.0           744.0         .000
 1986          4            12.0          15.0          13.0          41.5          .641
 1986          5            6.0           13.3          7.0           94.9          1.973
 1986          6            11.0          15.5          12.0          45.8          1.461
 1986          7            12.0          6.5           13.0          51.2          1.109
 1986          8            9.0           7.7           10.0          67.5          1.999
 1986          9            10.0          9.5           11.0          56.8          1.209
 1986          10           4.0           29.3          5.0           125.4         1.250
 1986          11           .0            .0            1.0           720.0         .000
 1986          12           .0            .0            1.0           744.0         .000
 1987          1            .0            .0            1.0           744.0         .000
 1987          2            .0            .0            1.0           672.0         .000
 1987          3            .0            .0            1.0           744.0         .000
 1987          4            8.0           16.3          9.0           65.6          1.264
 1987          5            9.0           18.2          10.0          58.0          .573
 1987          6            8.0           16.3          9.0           65.6          1.863
 1987          7            10.0          11.0          11.0          57.6          2.199
 1987          8            10.0          7.4           11.0          60.9          1.068
 1987          9            7.0           20.9          8.0           71.8          3.971
 1987          10           7.0           13.3          8.0           81.4          1.138
 1987          11           .0            .0            1.0           711.0         .000
 1987          12           .0            .0            1.0           744.0         .000
 1988          1            .0            .0            1.0           744.0         .000
 1988          2            .0            .0            1.0           696.0         .000
 1988          3            .0            .0            1.0           744.0         .000
 1988          4            5.0           16.4          6.0           106.3         .985
 1988          5            14.0          18.8          14.0          34.4          .718
 1988          6            8.0           26.0          9.0           56.9          .966
 1988          7            6.0           9.0           7.0           98.6          5.665
 1988          8            17.0          9.2           17.0          34.6          1.797
 1988          9            9.0           15.0          10.0          58.5          1.004
 1988          10           2.0           6.5           3.0           243.7         .269
 1988          11           .0            .0            1.0           720.0         .000
 1988          12           .0            .0            1.0           744.0         .000
 1989          1            .0            .0            1.0           744.0         .000
 1989          2            .0            .0            1.0           672.0         .000
 1989          3            .0            .0            1.0           744.0         .000
 1989          4            13.0          13.0          14.0          39.4          1.183
 1989          5            9.0           31.2          10.0          46.3          .967
 1989          6            5.0           26.6          5.0           117.4         1.085
 1989          7            13.0          18.9          13.0          38.3          1.383
 1989          8            12.0          15.3          12.0          46.7          .912
 1989          9            13.0          15.2          14.0          37.4          1.828
 1989          10           1.0           19.0          2.0           362.5         .437
 1989          11           .0            .0            1.0           720.0         .000
 1989          12           .0            .0            1.0           744.0         .000
 1990          1            .0            .0            1.0           744.0         .000
 1990          2            .0            .0            1.0           672.0         .000
 1990          3            .0            .0            1.0           744.0         .000
 1990          4            13.0          11.5          14.0          40.7          1.119
 1990          5            12.0          15.9          12.0          46.1          1.029
 1990          6            11.0          16.5          11.0          48.9          1.837
 1990          7            7.0           8.4           7.0           97.7          2.695
 1990          8            13.0          14.6          13.0          42.6          3.173
 1990          9            10.0          24.1          10.0          47.6          2.366
 1990          10           4.0           16.0          5.0           136.0         .578
 1990          11           .0            .0            1.0           720.0         .000
 1990          12           .0            .0            1.0           744.0         .000
 1991          1            .0            .0            1.0           744.0         .000
 1991          2            .0            .0            1.0           672.0         .000
 1991          3            .0            .0            1.0           744.0         .000
 1991          4            13.0          13.5          14.0          38.9          .995
 1991          5            17.0          9.2           18.0          32.6          1.035
 1991          6            12.0          14.2          13.0          42.3          1.846
 1991          7            5.0           7.8           6.0           117.5         1.995
 1991          8            14.0          6.1           15.0          43.9          2.268
 1991          9            10.0          15.0          11.0          51.8          1.057
 1991          10           4.0           21.8          5.0           131.4         .683
 1991          11           .0            .0            1.0           720.0         .000
 1991          12           .0            .0            1.0           744.0         .000
 1992          1            .0            .0            1.0           744.0         .000
 1992          2            .0            .0            1.0           696.0         .000
 1992          3            .0            .0            1.0           744.0         .000
 1992          4            10.0          6.1           11.0          59.9          .720
 1992          5            11.0          12.8          12.0          50.3          1.382
 1992          6            7.0           22.9          7.0           79.7          1.476
 1992          7            8.0           16.6          9.0           67.9          1.618
 1992          8            9.0           20.1          9.0           62.4          3.486
 1992          9            8.0           16.9          9.0           65.0          2.456
 1992          10           1.0           3.0           2.0           370.5         .733
 1992          11           .0            .0            1.0           720.0         .000
 1992          12           .0            .0            1.0           744.0         .000
 1993          1            .0            .0            1.0           744.0         .000
 1993          2            .0            .0            1.0           672.0         .000
 1993          3            .0            .0            1.0           744.0         .000
 1993          4            11.0          13.1          12.0          48.0          .562
 1993          5            15.0          11.0          15.0          38.6          1.202
 1993          6            14.0          14.9          14.0          36.5          1.354
 1993          7            14.0          10.1          15.0          40.2          2.421
 1993          8            6.0           7.5           7.0           99.9          2.689
 1993          9            9.0           14.7          10.0          58.8          2.678
 1993          10           6.0           9.7           7.0           98.0          .559
 1993          11           .0            .0            1.0           720.0         .000
 1993          12           .0            .0            1.0           744.0         .000
 1994          1            .0            .0            1.0           744.0         .000
 1994          2            .0            .0            1.0           672.0         .000
 1994          3            .0            .0            1.0           744.0         .000
 1994          4            16.0          8.1           17.0          34.8          .624
 1994          5            10.0          6.3           10.0          67.8          1.146
 1994          6            10.0          19.6          11.0          47.6          2.038
 1994          7            5.0           11.2          6.0           114.7         1.641
 1994          8            9.0           16.6          10.0          59.5          3.652
 1994          9            9.0           6.6           10.0          66.1          2.561
 1994          10           4.0           27.8          5.0           126.6         1.627
 1994          11           .0            .0            1.0           720.0         .000
 1994          12           .0            .0            1.0           744.0         .000
 1995          1            .0            .0            1.0           744.0         .000
 1995          2            .0            .0            1.0           672.0         .000
 1995          3            .0            .0            1.0           744.0         .000
 1995          4            16.0          9.8           16.0          35.3          1.573
 1995          5            10.0          15.3          10.0          59.0          1.002
 1995          6            15.0          17.0          15.0          30.7          1.387
 1995          7            13.0          7.5           13.0          49.7          2.220
 1995          8            6.0           8.0           6.0           116.0         2.190
 1995          9            3.0           19.3          3.0           220.7         1.767
 1995          10           2.0           51.0          3.0           214.0         .325
 1995          11           .0            .0            1.0           720.0         .000
 1995          12           .0            .0            1.0           744.0         .000
 1996          1            .0            .0            1.0           744.0         .000
 1996          2            .0            .0            1.0           696.0         .000
 1996          3            .0            .0            1.0           744.0         .000
 1996          4            7.0           12.6          8.0           79.0          1.190
 1996          5            8.0           7.8           8.0           85.3          1.127
 1996          6            13.0          9.8           14.0          42.3          1.745
 1996          7            12.0          9.8           12.0          52.3          1.344
 1996          8            13.0          10.4          13.0          46.5          2.713
 1996          9            7.0           12.1          8.0           79.4          2.007
 1996          10           4.0           14.5          5.0           137.2         .595
 1996          11           .0            .0            1.0           720.0         .000
 1996          12           .0            .0            1.0           744.0         .000
 1997          1            .0            .0            1.0           744.0         .000
 1997          2            .0            .0            1.0           672.0         .000
 1997          3            .0            .0            1.0           744.0         .000
 1997          4            12.0          9.1           13.0          47.0          1.271
 1997          5            11.0          7.7           12.0          54.9          .792
 1997          6            12.0          14.3          13.0          42.2          1.078
 1997          7            11.0          10.6          11.0          57.0          2.237
 1997          8            13.0          16.0          14.0          38.3          3.022
 1997          9            6.0           11.2          7.0           93.3          2.390
 1997          10           5.0           7.8           6.0           117.5         .872
 1997          11           .0            .0            1.0           720.0         .000
 1997          12           .0            .0            1.0           744.0         .000
 1998          1            .0            .0            1.0           744.0         .000
 1998          2            .0            .0            1.0           672.0         .000
 1998          3            .0            .0            1.0           744.0         .000
 1998          4            7.0           9.4           8.0           81.8          1.229
 1998          5            12.0          11.7          13.0          46.5          1.825
 1998          6            13.0          22.6          14.0          30.4          1.273
 1998          7            9.0           8.0           9.0           74.2          1.601
 1998          8            8.0           6.1           9.0           77.2          4.612
 1998          9            4.0           37.8          5.0           113.8         .989
 1998          10           7.0           13.0          8.0           81.6          1.024
 1998          11           .0            .0            1.0           720.0         .000
 1998          12           .0            .0            1.0           744.0         .000
 1999          1            .0            .0            1.0           744.0         .000
 1999          2            .0            .0            1.0           672.0         .000
 1999          3            .0            .0            1.0           744.0         .000
 1999          4            9.0           16.1          10.0          57.5          .866
 1999          5            12.0          15.3          12.0          46.8          .951
 1999          6            13.0          13.6          14.0          38.8          1.566
 1999          7            19.0          10.5          20.0          27.2          2.179
 1999          8            21.0          5.9           21.0          29.4          2.494
 1999          9            6.0           15.3          5.0           125.6         3.860
 1999          10           6.0           19.3          5.0           125.6         1.710
 1999          11           .0            .0            1.0           711.0         .000
 1999          12           .0            .0            1.0           744.0         .000
 2000          1            .0            .0            1.0           744.0         .000
 2000          2            .0            .0            1.0           696.0         .000
 2000          3            .0            .0            1.0           744.0         .000
 2000          4            14.0          9.7           15.0          38.9          .515
 2000          5            6.0           11.7          7.0           96.3          .861
 2000          6            7.0           28.0          8.0           65.5          1.817
 2000          7            12.0          9.6           13.0          48.4          3.389
 2000          8            9.0           25.4          9.0           56.7          1.876
 2000          9            7.0           4.4           7.0           98.4          1.600
 2000          10           9.0           18.9          8.0           71.8          1.155
 2000          11           .0            .0            1.0           711.0         .000
 2000          12           .0            .0            1.0           744.0         .000
 2001          1            .0            .0            1.0           744.0         .000
 2001          2            .0            .0            1.0           672.0         .000
 2001          3            .0            .0            1.0           744.0         .000
 2001          4            11.0          7.0           12.0          53.6          1.213
 2001          5            9.0           15.3          10.0          60.6          .637
 2001          6            11.0          24.8          12.0          37.3          1.156
 2001          7            10.0          12.0          10.0          62.2          2.625
 2001          8            19.0          8.1           19.0          30.9          2.100
 2001          9            9.0           20.2          10.0          53.8          1.932
 2001          10           3.0           10.3          3.0           237.7         .471
 2001          11           .0            .0            1.0           716.0         .000
 2001          12           .0            .0            1.0           744.0         .000
 2002          1            .0            .0            1.0           744.0         .000
 2002          2            .0            .0            1.0           672.0         .000
 2002          3            .0            .0            1.0           744.0         .000
 2002          4            14.0          12.5          14.0          38.9          1.247
 2002          5            17.0          10.1          18.0          31.8          .526
 2002          6            12.0          10.2          12.0          49.8          1.334
 2002          7            9.0           13.3          9.0           69.2          1.070
 2002          8            9.0           31.3          10.0          46.2          1.246
 2002          9            5.0           24.6          6.0           99.5          2.427
 2002          10           7.0           17.9          8.0           77.4          .750
 2002          11           .0            .0            1.0           720.0         .000
 2002          12           .0            .0            1.0           744.0         .000
 2003          1            .0            .0            1.0           744.0         .000
 2003          2            .0            .0            1.0           672.0         .000
 2003          3            .0            .0            1.0           744.0         .000
 2003          4            11.0          13.2          12.0          47.9          1.160
 2003          5            12.0          9.4           13.0          48.5          1.008
 2003          6            8.0           11.4          9.0           69.9          .949
 2003          7            4.0           6.3           5.0           143.8         4.520
 2003          8            17.0          7.3           18.0          34.4          2.745
 2003          9            6.0           15.5          7.0           89.6          .892
 2003          10           4.0           9.0           5.0           141.6         2.044
 2003          11           .0            .0            1.0           720.0         .000
 2003          12           .0            .0            1.0           744.0         .000
 2004          1            .0            .0            1.0           744.0         .000
 2004          2            .0            .0            1.0           696.0         .000
 2004          3            .0            .0            1.0           744.0         .000
 2004          4            6.0           7.3           6.0           112.7         1.605
 2004          5            9.0           16.3          9.0           66.2          1.376
 2004          6            9.0           7.2           10.0          65.5          1.083
 2004          7            8.0           9.0           9.0           74.7          1.922
 2004          8            6.0           20.8          7.0           88.4          6.015
 2004          9            9.0           22.0          10.0          52.2          1.499
 2004          10           1.0           20.0          2.0           362.0         .785
 2004          11           .0            .0            1.0           720.0         .000
 2004          12           .0            .0            1.0           744.0         .000
 2005          1            .0            .0            1.0           744.0         .000
 2005          2            .0            .0            1.0           672.0         .000
 2005          3            .0            .0            1.0           744.0         .000
 2005          4            8.0           11.5          8.0           78.1          1.153
 2005          5            12.0          21.3          13.0          37.5          1.207
 2005          6            8.0           17.8          9.0           64.2          1.118
 2005          7            6.0           13.3          7.0           94.9          5.795
 2005          8            14.0          11.6          14.0          41.5          2.767
 2005          9            6.0           12.3          6.0           107.7         3.095
 2005          10           9.0           10.6          10.0          64.9          2.321
 2005          11           .0            .0            1.0           720.0         .000
 2005          12           .0            .0            1.0           744.0         .000
 2006          1            .0            .0            1.0           744.0         .000
 2006          2            .0            .0            1.0           672.0         .000
 2006          3            .0            .0            1.0           744.0         .000
 2006          4            11.0          7.4           12.0          53.3          .678
 2006          5            11.0          15.9          11.0          51.7          1.803
 2006          6            13.0          16.6          13.0          38.8          1.859
 2006          7            13.0          16.2          14.0          38.1          1.850
 2006          8            9.0           9.7           10.0          65.7          1.905
 2006          9            8.0           12.6          9.0           68.8          2.408
 2006          10           3.0           4.3           4.0           182.8         .692
 2006          11           .0            .0            1.0           720.0         .000
 2006          12           .0            .0            1.0           744.0         .000
 2007          1            .0            .0            1.0           744.0         .000
 2007          2            .0            .0            1.0           672.0         .000
 2007          3            .0            .0            1.0           744.0         .000
 2007          4            9.0           20.7          9.0           58.8          .784
 2007          5            11.0          7.4           11.0          59.8          1.454
 2007          6            13.0          10.3          14.0          41.9          1.810
 2007          7            9.0           5.0           10.0          69.9          2.389
 2007          8            11.0          20.3          12.0          43.4          2.697
 2007          9            7.0           23.7          8.0           69.3          2.433
 2007          10           4.0           19.3          4.0           166.8         3.799
 2007          11           1.0           4.0           1.0           716.0         .150
 2007          12           .0            .0            1.0           744.0         .000
 2008          1            .0            .0            1.0           744.0         .000
 2008          2            .0            .0            1.0           696.0         .000
 2008          3            .0            .0            1.0           744.0         .000
 2008          4            10.0          13.0          10.0          58.8          1.006
 2008          5            7.0           13.3          8.0           81.4          .919
 2008          6            13.0          8.9           14.0          43.1          1.698
 2008          7            9.0           14.7          10.0          61.2          2.644
 2008          8            13.0          9.3           13.0          47.9          1.702
 2008          9            9.0           17.1          10.0          56.6          2.367
 2008          10           6.0           9.2           7.0           98.4          .455
 2008          11           .0            .0            1.0           720.0         .000
 2008          12           .0            .0            1.0           744.0         .000
 2009          1            .0            .0            1.0           744.0         .000
 2009          2            .0            .0            1.0           672.0         .000
 2009          3            .0            .0            1.0           744.0         .000
 2009          4            5.0           15.8          6.0           106.8         1.184
 2009          5            7.0           9.1           8.0           85.0          1.914
 2009          6            8.0           11.9          9.0           69.4          2.021
 2009          7            11.0          8.8           12.0          53.9          2.309
 2009          8            13.0          11.4          14.0          42.6          3.932
 2009          9            7.0           13.4          7.0           89.3          2.989
 2009          10           3.0           5.0           3.0           243.0         1.467
 2009          11           .0            .0            1.0           720.0         .000
 2009          12           .0            .0            1.0           744.0         .000
 2010          1            .0            .0            1.0           744.0         .000
 2010          2            .0            .0            1.0           672.0         .000
 2010          3            .0            .0            1.0           744.0         .000
 2010          4            11.0          14.5          12.0          46.7          .919
 2010          5            9.0           23.8          10.0          53.0          1.250
 2010          6            12.0          18.7          12.0          41.1          1.386
 2010          7            13.0          10.9          14.0          43.0          3.694
 2010          8            9.0           9.3           9.0           73.3          3.286
 2010          9            18.0          10.2          19.0          28.3          1.454
 2010          10           7.0           13.7          8.0           81.0          1.036
 2010          11           .0            .0            1.0           720.0         .000
 2010          12           .0            .0            1.0           744.0         .000
 2011          1            .0            .0            1.0           744.0         .000
 2011          2            .0            .0            1.0           672.0         .000
 2011          3            .0            .0            1.0           744.0         .000
 2011          4            8.0           10.3          9.0           70.9          .884
 2011          5            11.0          5.4           12.0          57.1          1.220
 2011          6            17.0          12.4          18.0          28.3          1.138
 2011          7            18.0          6.9           19.0          32.6          2.572
 2011          8            15.0          10.0          15.0          39.4          2.613
 2011          9            7.0           9.6           8.0           81.6          .761
 2011          10           6.0           5.7           7.0           101.4         1.074
 2011          11           .0            .0            1.0           720.0         .000
 2011          12           .0            .0            1.0           744.0         .000
 2012          1            .0            .0            1.0           744.0         .000
 2012          2            .0            .0            1.0           696.0         .000
 2012          3            1.0           20.0          2.0           362.0         2.650
 2012          4            16.0          8.1           17.0          34.8          1.128
 2012          5            12.0          12.7          13.0          45.5          1.592
 2012          6            12.0          16.4          13.0          40.2          2.168
 2012          7            11.0          6.3           12.0          56.3          2.355
 2012          8            11.0          16.2          11.0          51.4          2.256
 2012          9            10.0          11.7          10.0          60.3          1.675
 2012          10           3.0           10.3          4.0           178.3         1.016
 2012          11           .0            .0            1.0           720.0         .000
 2012          12           .0            .0            1.0           744.0         .000
 2013          1            .0            .0            1.0           744.0         .000
 2013          2            .0            .0            1.0           672.0         .000
 2013          3            .0            .0            1.0           744.0         .000
 2013          4            11.0          8.5           11.0          56.8          1.230
 2013          5            10.0          17.1          10.0          56.9          .491
 2013          6            12.0          13.2          13.0          43.2          1.920
 2013          7            4.0           6.0           5.0           144.0         4.250
 2013          8            9.0           10.4          10.0          65.0          4.750
 2013          9            5.0           15.4          6.0           107.2         1.487
 2013          10           5.0           9.6           6.0           116.0         6.198
 2013          11           .0            .0            1.0           720.0         .000
 2013          12           1.0           64.0          2.0           340.0         1.734
 2014          1            .0            .0            1.0           744.0         .000
 2014          2            .0            .0            1.0           672.0         .000
 2014          3            .0            .0            1.0           744.0         .000
 2014          4            7.0           10.9          8.0           80.5          1.118
 2014          5            16.0          14.2          16.0          32.1          1.204
 2014          6            11.0          16.2          10.0          54.1          2.570
 2014          7            9.0           10.3          10.0          65.1          2.339
 2014          8            18.0          6.8           18.0          34.3          3.820
 2014          9            9.0           11.7          10.0          61.5          1.805
 2014          10           3.0           3.0           4.0           183.8         3.444
 2014          11           .0            .0            1.0           720.0         .000
 2014          12           .0            .0            1.0           744.0         .000
 2015          1            .0            .0            1.0           744.0         .000
 2015          2            .0            .0            1.0           672.0         .000
 2015          3            .0            .0            1.0           744.0         .000
 2015          4            7.0           5.4           8.0           85.3          1.000
 2015          5            12.0          9.9           13.0          48.1          1.739
 2015          6            13.0          11.1          14.0          41.1          1.278
 2015          7            12.0          14.2          13.0          44.2          1.397
 2015          8            12.0          12.3          13.0          45.8          3.260
 2015          9            7.0           14.1          8.0           77.6          1.362
 2015          10           8.0           7.3           8.0           85.6          .897
 2015          11           1.0           9.0           1.0           711.0         .778
 2015          12           .0            .0            1.0           744.0         .000
 2016          1            .0            .0            1.0           744.0         .000
 2016          2            .0            .0            1.0           696.0         .000
 2016          3            .0            .0            1.0           744.0         .000
 2016          4            17.0          7.8           18.0          32.6          1.105
 2016          5            18.0          8.7           18.0          32.4          1.420
 2016          6            16.0          7.4           17.0          35.4          1.682
 2016          7            10.0          5.3           11.0          62.8          1.462
 2016          8            11.0          11.5          12.0          51.5          1.702
 2016          9            10.0          17.8          11.0          49.3          2.497
 2016          10           6.0           23.5          7.0           86.1          1.613
 2016          11           .0            .0            1.0           720.0         .000
 2016          12           .0            .0            1.0           744.0         .000
 2017          1            .0            .0            1.0           744.0         .000
 2017          2            .0            .0            1.0           672.0         .000
 2017          3            .0            .0            1.0           744.0         .000
 2017          4            7.0           13.3          8.0           78.4          .941
 2017          5            10.0          7.6           11.0          60.7          .901
 2017          6            14.0          21.6          15.0          27.8          1.119
 2017          7            6.0           10.5          6.0           113.0         2.817
 2017          8            15.0          5.2           15.0          44.4          2.173
 2017          9            10.0          6.5           11.0          59.5          1.631
 2017          10           4.0           16.0          5.0           136.0         1.648
 2017          11           .0            .0            1.0           720.0         .000
 2017          12           .0            .0            1.0           744.0         .000
 2018          1            .0            .0            1.0           744.0         .000
 2018          2            .0            .0            1.0           672.0         .000
 2018          3            .0            .0            1.0           744.0         .000
 2018          4            9.0           9.2           9.0           70.8          .855
 2018          5            13.0          7.7           14.0          46.0          2.050
 2018          6            10.0          9.5           11.0          56.8          3.000
 2018          7            15.0          5.3           16.0          41.5          2.738
 2018          8            10.0          21.4          11.0          48.2          2.241
 2018          9            9.0           13.3          10.0          60.0          1.733
 2018          10           4.0           14.8          5.0           137.0         .805
 2018          11           .0            .0            1.0           720.0         .000
 2018          12           .0            .0            1.0           744.0         .000
 2019          1            .0            .0            1.0           744.0         .000
 2019          2            .0            .0            1.0           672.0         .000
 2019          3            .0            .0            1.0           744.0         .000
 2019          4            16.0          10.3          16.0          34.7          1.636
 2019          5            11.0          7.2           10.0          66.0          2.272
 2019          6            10.0          23.2          11.0          44.4          1.142
 2019          7            10.0          17.4          11.0          51.8          1.882
 2019          8            12.0          10.6          13.0          47.5          4.685
 2019          9            4.0           14.8          4.0           165.3         1.475
 2019          10           4.0           18.5          4.0           167.5         1.142
 2019          11           .0            .0            1.0           720.0         .000
 2019          12           .0            .0            1.0           744.0         .000
