 1960          1            .0            .0            1.0           744.0         .000
 1960          2            .0            .0            1.0           696.0         .000
 1960          3            .0            .0            1.0           744.0         .000
 1960          4            10.0          11.3          11.0          55.2          .900
 1960          5            10.0          13.2          10.0          60.9          .833
 1960          6            7.0           20.9          8.0           71.8          1.943
 1960          7            9.0           6.2           9.0           76.4          2.279
 1960          8            10.0          22.9          11.0          46.8          4.155
 1960          9            12.0          12.7          13.0          43.7          3.591
 1960          10           .0            .0            1.0           744.0         .000
 1960          11           .0            .0            1.0           720.0         .000
 1960          12           .0            .0            1.0           744.0         .000
 1961          1            .0            .0            1.0           744.0         .000
 1961          2            7.0           12.0          8.0           73.5          .542
 1961          3            6.0           12.0          7.0           96.0          .426
 1961          4            3.0           8.0           4.0           174.0         .600
 1961          5            7.0           20.4          8.0           75.1          2.634
 1961          6            5.0           17.0          5.0           126.6         2.711
 1961          7            2.0           19.0          3.0           235.3         1.166
 1961          8            7.0           9.9           8.0           84.4          2.706
 1961          9            10.0          17.4          11.0          49.6          1.400
 1961          10           6.0           13.2          7.0           95.0          1.976
 1961          11           .0            .0            1.0           720.0         .000
 1961          12           .0            .0            1.0           744.0         .000
 1962          1            .0            .0            1.0           744.0         .000
 1962          2            .0            .0            1.0           672.0         .000
 1962          3            .0            .0            1.0           744.0         .000
 1962          4            10.0          15.3          11.0          51.5          1.137
 1962          5            11.0          13.8          12.0          49.3          1.184
 1962          6            13.0          11.4          14.0          40.9          1.855
 1962          7            5.0           20.6          6.0           106.8         2.832
 1962          8            12.0          9.4           12.0          52.5          3.913
 1962          9            13.0          10.3          14.0          41.9          4.996
 1962          10           4.0           28.8          5.0           125.8         2.821
 1962          11           .0            .0            1.0           720.0         .000
 1962          12           .0            .0            1.0           744.0         .000
 1963          1            .0            .0            1.0           744.0         .000
 1963          2            .0            .0            1.0           672.0         .000
 1963          3            .0            .0            1.0           744.0         .000
 1963          4            10.0          12.0          10.0          60.0          .976
 1963          5            10.0          16.6          10.0          57.8          1.368
 1963          6            11.0          9.7           12.0          51.1          2.188
 1963          7            7.0           16.7          8.0           78.4          1.391
 1963          8            16.0          4.1           17.0          39.9          5.197
 1963          9            11.0          11.5          11.0          53.9          3.101
 1963          10           1.0           1.0           1.0           743.0         2.600
 1963          11           .0            .0            1.0           720.0         .000
 1963          12           .0            .0            1.0           744.0         .000
 1964          1            .0            .0            1.0           744.0         .000
 1964          2            .0            .0            1.0           696.0         .000
 1964          3            .0            .0            1.0           744.0         .000
 1964          4            11.0          9.5           12.0          51.3          .716
 1964          5            11.0          14.2          12.0          49.0          1.378
 1964          6            10.0          17.8          11.0          49.3          1.197
 1964          7            4.0           7.0           5.0           143.2         1.307
 1964          8            11.0          7.5           12.0          55.1          1.869
 1964          9            7.0           14.6          8.0           77.3          1.458
 1964          10           3.0           26.7          4.0           166.0         1.641
 1964          11           .0            .0            1.0           720.0         .000
 1964          12           .0            .0            1.0           744.0         .000
 1965          1            .0            .0            1.0           744.0         .000
 1965          2            .0            .0            1.0           672.0         .000
 1965          3            5.0           12.0          6.0           114.0         .565
 1965          4            11.0          13.5          12.0          47.6          1.148
 1965          5            9.0           12.4          10.0          63.2          1.213
 1965          6            12.0          19.6          12.0          40.0          .892
 1965          7            10.0          6.7           11.0          61.5          1.930
 1965          8            9.0           9.9           9.0           72.3          3.560
 1965          9            4.0           18.3          4.0           161.5         1.295
 1965          10           .0            .0            1.0           744.0         .000
 1965          11           .0            .0            1.0           720.0         .000
 1965          12           .0            .0            1.0           744.0         .000
 1966          1            .0            .0            1.0           744.0         .000
 1966          2            .0            .0            1.0           672.0         .000
 1966          3            .0            .0            1.0           744.0         .000
 1966          4            18.0          9.2           19.0          29.2          .996
 1966          5            8.0           10.6          8.0           82.0          1.473
 1966          6            11.0          14.7          11.0          50.7          1.681
 1966          7            6.0           9.8           6.0           114.2         1.683
 1966          8            7.0           11.0          7.0           94.7          1.868
 1966          9            3.0           27.0          4.0           159.8         3.002
 1966          10           .0            .0            1.0           744.0         .000
 1966          11           .0            .0            1.0           720.0         .000
 1966          12           .0            .0            1.0           744.0         .000
 1967          1            .0            .0            1.0           744.0         .000
 1967          2            .0            .0            1.0           672.0         .000
 1967          3            .0            .0            1.0           744.0         .000
 1967          4            11.0          7.4           11.0          58.1          1.000
 1967          5            14.0          11.7          14.0          41.4          1.451
 1967          6            11.0          12.4          12.0          48.7          1.926
 1967          7            7.0           11.3          7.0           94.9          1.276
 1967          8            5.0           10.2          6.0           115.5         1.845
 1967          9            3.0           4.3           4.0           176.8         6.100
 1967          10           .0            .0            1.0           744.0         .000
 1967          11           .0            .0            1.0           720.0         .000
 1967          12           .0            .0            1.0           744.0         .000
 1968          1            .0            .0            1.0           744.0         .000
 1968          2            .0            .0            1.0           696.0         .000
 1968          3            .0            .0            1.0           744.0         .000
 1968          4            9.0           13.0          10.0          60.3          .672
 1968          5            11.0          12.6          11.0          54.7          .906
 1968          6            13.0          10.5          13.0          44.5          2.248
 1968          7            11.0          9.4           12.0          53.4          .883
 1968          8            7.0           7.1           8.0           86.8          3.212
 1968          9            8.0           13.4          9.0           68.1          1.379
 1968          10           6.0           7.7           7.0           99.7          2.685
 1968          11           .0            .0            1.0           720.0         .000
 1968          12           .0            .0            1.0           744.0         .000
 1969          1            .0            .0            1.0           744.0         .000
 1969          2            .0            .0            1.0           672.0         .000
 1969          3            .0            .0            1.0           744.0         .000
 1969          4            9.0           6.9           10.0          65.8          .869
 1969          5            8.0           13.9          9.0           70.3          1.416
 1969          6            12.0          10.3          13.0          45.8          1.477
 1969          7            9.0           11.3          10.0          64.2          1.625
 1969          8            8.0           13.0          8.0           79.8          2.196
 1969          9            9.0           13.2          10.0          60.1          2.114
 1969          10           .0            .0            1.0           744.0         .000
 1969          11           .0            .0            1.0           720.0         .000
 1969          12           .0            .0            1.0           744.0         .000
 1970          1            .0            .0            1.0           744.0         .000
 1970          2            .0            .0            1.0           672.0         .000
 1970          3            .0            .0            1.0           744.0         .000
 1970          4            10.0          10.3          11.0          56.1          .812
 1970          5            10.0          17.4          11.0          51.8          .860
 1970          6            12.0          19.3          13.0          37.6          1.865
 1970          7            7.0           14.4          8.0           80.4          1.168
 1970          8            9.0           7.6           10.0          67.6          2.203
 1970          9            7.0           23.6          8.0           69.4          2.606
 1970          10           .0            .0            1.0           744.0         .000
 1970          11           .0            .0            1.0           720.0         .000
 1970          12           .0            .0            1.0           744.0         .000
 1971          1            .0            .0            1.0           744.0         .000
 1971          2            .0            .0            1.0           672.0         .000
 1971          3            .0            .0            1.0           744.0         .000
 1971          4            .0            .0            1.0           720.0         .000
 1971          5            .0            .0            1.0           744.0         .000
 1971          6            .0            .0            1.0           720.0         .000
 1971          7            .0            .0            1.0           744.0         .000
 1971          8            .0            .0            1.0           744.0         .000
 1971          9            3.0           34.7          4.0           154.0         3.507
 1971          10           .0            .0            1.0           744.0         .000
 1971          11           .0            .0            1.0           720.0         .000
 1971          12           .0            .0            1.0           744.0         .000
 1972          1            .0            .0            1.0           744.0         .000
 1972          2            .0            .0            1.0           696.0         .000
 1972          3            .0            .0            1.0           744.0         .000
 1972          4            .0            .0            1.0           720.0         .000
 1972          5            .0            .0            1.0           744.0         .000
 1972          6            4.0           9.3           4.0           169.8         4.027
 1972          7            7.0           19.7          8.0           75.8          1.449
 1972          8            10.0          18.7          11.0          50.6          3.347
 1972          9            6.0           10.8          7.0           93.6          2.920
 1972          10           3.0           11.7          4.0           177.3         3.131
 1972          11           .0            .0            1.0           720.0         .000
 1972          12           .0            .0            1.0           744.0         .000
 1973          1            .0            .0            1.0           744.0         .000
 1973          2            .0            .0            1.0           672.0         .000
 1973          3            .0            .0            1.0           744.0         .000
 1973          4            13.0          12.1          14.0          40.2          1.096
 1973          5            15.0          18.9          15.0          30.7          1.189
 1973          6            12.0          17.3          13.0          39.5          1.834
 1973          7            17.0          8.5           18.0          33.3          2.256
 1973          8            10.0          15.6          11.0          53.5          1.831
 1973          9            14.0          11.1          15.0          37.6          1.949
 1973          10           7.0           16.1          8.0           78.9          2.444
 1973          11           .0            .0            1.0           720.0         .000
 1973          12           .0            .0            1.0           744.0         .000
 1974          1            .0            .0            1.0           744.0         .000
 1974          2            .0            .0            1.0           672.0         .000
 1974          3            .0            .0            1.0           744.0         .000
 1974          4            6.0           11.2          6.0           108.8         1.324
 1974          5            11.0          12.4          12.0          50.7          1.368
 1974          6            7.0           15.0          8.0           76.9          1.987
 1974          7            13.0          5.4           14.0          48.1          3.821
 1974          8            5.0           30.6          6.0           98.5          2.610
 1974          9            6.0           18.2          7.0           87.3          1.013
 1974          10           12.0          12.1          13.0          46.1          2.091
 1974          11           .0            .0            1.0           720.0         .000
 1974          12           .0            .0            1.0           744.0         .000
 1975          1            .0            .0            1.0           744.0         .000
 1975          2            .0            .0            1.0           672.0         .000
 1975          3            .0            .0            1.0           744.0         .000
 1975          4            18.0          9.3           19.0          29.1          1.257
 1975          5            12.0          15.9          13.0          42.5          .723
 1975          6            8.0           21.5          9.0           60.9          1.701
 1975          7            15.0          4.3           16.0          42.5          4.175
 1975          8            14.0          16.1          15.0          34.6          2.144
 1975          9            12.0          7.7           12.0          51.9          2.289
 1975          10           14.0          16.2          15.0          34.5          1.231
 1975          11           .0            .0            1.0           720.0         .000
 1975          12           .0            .0            1.0           744.0         .000
 1976          1            .0            .0            1.0           744.0         .000
 1976          2            .0            .0            1.0           696.0         .000
 1976          3            .0            .0            1.0           744.0         .000
 1976          4            9.0           11.6          10.0          61.6          1.437
 1976          5            10.0          15.9          11.0          53.2          .793
 1976          6            12.0          21.4          13.0          35.6          2.095
 1976          7            10.0          10.4          11.0          58.2          1.635
 1976          8            10.0          6.6           10.0          67.5          1.876
 1976          9            10.0          11.9          10.0          60.1          1.244
 1976          10           6.0           9.2           6.0           114.8         1.327
 1976          11           .0            .0            1.0           720.0         .000
 1976          12           .0            .0            1.0           744.0         .000
 1977          1            .0            .0            1.0           744.0         .000
 1977          2            .0            .0            1.0           672.0         .000
 1977          3            .0            .0            1.0           744.0         .000
 1977          4            15.0          9.9           15.0          38.0          1.332
 1977          5            17.0          9.2           18.0          32.7          1.539
 1977          6            11.0          16.2          11.0          49.3          1.626
 1977          7            9.0           14.7          9.0           68.0          1.977
 1977          8            11.0          7.9           11.0          59.7          1.439
 1977          9            11.0          14.7          12.0          46.5          2.249
 1977          10           3.0           12.3          4.0           176.8         .365
 1977          11           .0            .0            1.0           711.0         .000
 1977          12           .0            .0            1.0           744.0         .000
 1978          1            .0            .0            1.0           744.0         .000
 1978          2            .0            .0            1.0           672.0         .000
 1978          3            .0            .0            1.0           744.0         .000
 1978          4            9.0           10.0          10.0          63.0          .886
 1978          5            13.0          11.3          13.0          45.7          1.118
 1978          6            12.0          13.9          13.0          42.5          1.169
 1978          7            8.0           5.6           9.0           77.7          2.789
 1978          8            9.0           18.0          10.0          58.2          2.391
 1978          9            6.0           16.8          7.0           88.4          .739
 1978          10           4.0           4.5           5.0           145.2         .411
 1978          11           .0            .0            1.0           720.0         .000
 1978          12           .0            .0            1.0           744.0         .000
 1979          1            .0            .0            1.0           744.0         .000
 1979          2            .0            .0            1.0           672.0         .000
 1979          3            .0            .0            1.0           744.0         .000
 1979          4            11.0          11.4          11.0          54.1          1.030
 1979          5            9.0           9.9           10.0          65.5          1.146
 1979          6            9.0           9.8           9.0           69.9          1.566
 1979          7            15.0          9.0           16.0          38.1          1.704
 1979          8            7.0           19.9          8.0           75.6          1.661
 1979          9            8.0           8.3           9.0           72.7          2.058
 1979          10           .0            .0            1.0           744.0         .000
 1979          11           .0            .0            1.0           720.0         .000
 1979          12           .0            .0            1.0           744.0         .000
 1980          1            .0            .0            1.0           744.0         .000
 1980          2            .0            .0            1.0           696.0         .000
 1980          3            .0            .0            1.0           744.0         .000
 1980          4            14.0          12.4          15.0          36.5          1.349
 1980          5            7.0           17.4          8.0           77.8          1.367
 1980          6            12.0          10.1          13.0          46.1          1.476
 1980          7            12.0          9.0           12.0          52.8          3.429
 1980          8            19.0          9.5           19.0          29.5          2.159
 1980          9            5.0           14.6          6.0           107.8         2.060
 1980          10           4.0           25.8          5.0           128.2         .610
 1980          11           .0            .0            1.0           720.0         .000
 1980          12           .0            .0            1.0           744.0         .000
 1981          1            .0            .0            1.0           744.0         .000
 1981          2            .0            .0            1.0           672.0         .000
 1981          3            .0            .0            1.0           744.0         .000
 1981          4            14.0          13.0          15.0          35.9          .633
 1981          5            12.0          11.3          13.0          46.8          1.126
 1981          6            9.0           12.2          10.0          61.0          1.080
 1981          7            12.0          16.3          13.0          42.2          2.783
 1981          8            16.0          7.6           16.0          38.9          2.537
 1981          9            9.0           15.3          9.0           64.7          2.037
 1981          10           7.0           10.9          8.0           83.5          1.091
 1981          11           .0            .0            1.0           720.0         .000
 1981          12           .0            .0            1.0           744.0         .000
 1982          1            .0            .0            1.0           744.0         .000
 1982          2            .0            .0            1.0           672.0         .000
 1982          3            .0            .0            1.0           744.0         .000
 1982          4            8.0           11.1          9.0           70.1          1.102
 1982          5            8.0           10.4          9.0           73.4          .859
 1982          6            8.0           29.8          8.0           60.3          .977
 1982          7            13.0          15.2          13.0          41.9          3.082
 1982          8            13.0          8.0           14.0          45.7          2.354
 1982          9            7.0           8.3           8.0           82.8          1.259
 1982          10           5.0           17.2          6.0           109.7         1.008
 1982          11           .0            .0            1.0           720.0         .000
 1982          12           .0            .0            1.0           744.0         .000
 1983          1            .0            .0            1.0           744.0         .000
 1983          2            .0            .0            1.0           672.0         .000
 1983          3            .0            .0            1.0           744.0         .000
 1983          4            13.0          16.4          13.0          39.0          .854
 1983          5            10.0          12.0          11.0          56.7          1.476
 1983          6            9.0           18.7          10.0          55.2          1.223
 1983          7            8.0           18.6          9.0           66.1          1.771
 1983          8            9.0           13.7          10.0          62.1          2.533
 1983          9            10.0          12.4          10.0          59.2          1.081
 1983          10           6.0           19.8          7.0           89.3          .646
 1983          11           .0            .0            1.0           720.0         .000
 1983          12           .0            .0            1.0           744.0         .000
 1984          1            .0            .0            1.0           744.0         .000
 1984          2            .0            .0            1.0           696.0         .000
 1984          3            .0            .0            1.0           744.0         .000
 1984          4            10.0          13.5          11.0          53.2          .899
 1984          5            10.0          19.5          10.0          54.9          1.132
 1984          6            12.0          16.7          13.0          40.0          1.583
 1984          7            12.0          5.5           13.0          52.2          1.647
 1984          8            9.0           16.8          9.0           65.3          1.865
 1984          9            11.0          11.7          11.0          53.7          1.376
 1984          10           5.0           20.2          6.0           107.2         .849
 1984          11           .0            .0            1.0           720.0         .000
 1984          12           .0            .0            1.0           744.0         .000
 1985          1            .0            .0            1.0           744.0         .000
 1985          2            .0            .0            1.0           672.0         .000
 1985          3            .0            .0            1.0           744.0         .000
 1985          4            8.0           9.0           9.0           72.0          .639
 1985          5            10.0          10.3          11.0          58.3          1.458
 1985          6            9.0           23.9          9.0           55.8          .936
 1985          7            10.0          8.8           11.0          59.6          3.668
 1985          8            13.0          12.3          14.0          41.7          3.203
 1985          9            12.0          15.3          13.0          41.2          .952
 1985          10           6.0           16.5          7.0           92.1          .615
 1985          11           .0            .0            1.0           720.0         .000
 1985          12           .0            .0            1.0           744.0         .000
 1986          1            .0            .0            1.0           744.0         .000
 1986          2            .0            .0            1.0           672.0         .000
 1986          3            .0            .0            1.0           744.0         .000
 1986          4            10.0          18.0          11.0          49.1          .662
 1986          5            5.0           14.2          6.0           112.2         1.592
 1986          6            12.0          11.2          13.0          45.1          1.982
 1986          7            14.0          7.9           15.0          42.2          2.242
 1986          8            14.0          6.1           15.0          43.9          1.910
 1986          9            9.0           12.6          10.0          60.7          1.329
 1986          10           5.0           27.4          6.0           101.2         1.009
 1986          11           .0            .0            1.0           720.0         .000
 1986          12           .0            .0            1.0           744.0         .000
 1987          1            .0            .0            1.0           744.0         .000
 1987          2            .0            .0            1.0           672.0         .000
 1987          3            .0            .0            1.0           744.0         .000
 1987          4            7.0           16.6          8.0           75.5          1.458
 1987          5            9.0           16.9          10.0          59.2          .518
 1987          6            10.0          13.7          11.0          53.0          1.662
 1987          7            15.0          6.3           16.0          40.6          2.957
 1987          8            10.0          6.5           11.0          61.7          2.023
 1987          9            5.0           31.4          6.0           93.8          3.559
 1987          10           8.0           10.9          9.0           73.0          1.316
 1987          11           .0            .0            1.0           720.0         .000
 1987          12           .0            .0            1.0           744.0         .000
 1988          1            .0            .0            1.0           744.0         .000
 1988          2            .0            .0            1.0           696.0         .000
 1988          3            .0            .0            1.0           744.0         .000
 1988          4            7.0           10.4          8.0           80.9          1.129
 1988          5            13.0          18.4          13.0          38.8          .723
 1988          6            8.0           22.4          9.0           60.1          1.071
 1988          7            5.0           9.4           6.0           116.2         4.164
 1988          8            11.0          13.0          11.0          54.6          2.290
 1988          9            8.0           17.9          8.0           72.1          .947
 1988          10           .0            .0            1.0           744.0         .000
 1988          11           .0            .0            1.0           720.0         .000
 1988          12           .0            .0            1.0           744.0         .000
 1989          1            .0            .0            1.0           744.0         .000
 1989          2            .0            .0            1.0           672.0         .000
 1989          3            .0            .0            1.0           744.0         .000
 1989          4            12.0          12.7          13.0          43.7          1.294
 1989          5            9.0           30.2          10.0          47.2          1.134
 1989          6            6.0           22.5          6.0           96.8          1.268
 1989          7            9.0           21.8          10.0          54.8          1.608
 1989          8            15.0          9.7           15.0          39.8          1.651
 1989          9            12.0          17.4          12.0          42.2          1.455
 1989          10           1.0           20.0          2.0           362.0         .555
 1989          11           .0            .0            1.0           720.0         .000
 1989          12           .0            .0            1.0           744.0         .000
 1990          1            .0            .0            1.0           744.0         .000
 1990          2            .0            .0            1.0           672.0         .000
 1990          3            .0            .0            1.0           744.0         .000
 1990          4            14.0          8.6           15.0          40.0          1.713
 1990          5            8.0           23.6          8.0           69.4          1.138
 1990          6            8.0           18.8          9.0           63.3          2.148
 1990          7            5.0           11.2          5.0           137.4         2.629
 1990          8            13.0          16.4          13.0          40.8          2.837
 1990          9            11.0          21.9          11.0          43.5          2.666
 1990          10           5.0           12.6          6.0           113.5         .621
 1990          11           .0            .0            1.0           720.0         .000
 1990          12           .0            .0            1.0           744.0         .000
 1991          1            .0            .0            1.0           744.0         .000
 1991          2            .0            .0            1.0           672.0         .000
 1991          3            .0            .0            1.0           744.0         .000
 1991          4            12.0          15.3          13.0          41.2          1.028
 1991          5            10.0          12.3          11.0          56.5          1.867
 1991          6            10.0          14.9          11.0          51.9          1.691
 1991          7            4.0           5.8           5.0           144.2         .543
 1991          8            11.0          6.3           12.0          56.3          3.210
 1991          9            7.0           20.3          8.0           72.3          .978
 1991          10           4.0           21.5          5.0           131.6         .692
 1991          11           .0            .0            1.0           720.0         .000
 1991          12           .0            .0            1.0           744.0         .000
 1992          1            .0            .0            1.0           744.0         .000
 1992          2            .0            .0            1.0           696.0         .000
 1992          3            .0            .0            1.0           744.0         .000
 1992          4            7.0           4.9           8.0           85.8          .874
 1992          5            9.0           13.0          10.0          62.7          1.672
 1992          6            8.0           21.5          8.0           68.5          1.497
 1992          7            8.0           17.6          9.0           67.0          1.657
 1992          8            10.0          16.0          10.0          58.4          3.584
 1992          9            9.0           16.2          10.0          57.4          2.784
 1992          10           .0            .0            1.0           744.0         .000
 1992          11           .0            .0            1.0           720.0         .000
 1992          12           .0            .0            1.0           744.0         .000
 1993          1            .0            .0            1.0           744.0         .000
 1993          2            .0            .0            1.0           672.0         .000
 1993          3            .0            .0            1.0           744.0         .000
 1993          4            13.0          8.2           14.0          43.9          .799
 1993          5            12.0          14.8          12.0          47.3          .986
 1993          6            12.0          17.3          12.0          42.6          1.323
 1993          7            13.0          10.3          14.0          43.6          2.004
 1993          8            7.0           5.3           8.0           88.4          4.170
 1993          9            8.0           11.5          9.0           69.8          2.453
 1993          10           6.0           8.7           7.0           98.9          .540
 1993          11           .0            .0            1.0           720.0         .000
 1993          12           .0            .0            1.0           744.0         .000
 1994          1            .0            .0            1.0           744.0         .000
 1994          2            .0            .0            1.0           672.0         .000
 1994          3            .0            .0            1.0           744.0         .000
 1994          4            13.0          10.2          14.0          42.0          .763
 1994          5            10.0          6.4           10.0          67.8          .848
 1994          6            11.0          15.0          11.0          50.2          2.315
 1994          7            3.0           16.0          4.0           174.0         2.548
 1994          8            8.0           12.3          9.0           71.8          4.389
 1994          9            7.0           8.3           8.0           82.8          1.967
 1994          10           4.0           27.8          5.0           126.6         1.648
 1994          11           .0            .0            1.0           720.0         .000
 1994          12           .0            .0            1.0           744.0         .000
 1995          1            .0            .0            1.0           744.0         .000
 1995          2            .0            .0            1.0           672.0         .000
 1995          3            .0            .0            1.0           744.0         .000
 1995          4            14.0          11.9          14.0          39.6          1.720
 1995          5            8.0           21.1          8.0           71.8          1.064
 1995          6            14.0          16.5          14.0          34.6          1.547
 1995          7            13.0          7.8           13.0          49.5          2.490
 1995          8            6.0           9.7           6.0           114.3         2.117
 1995          9            4.0           14.8          4.0           165.3         2.181
 1995          10           3.0           25.0          4.0           167.3         .499
 1995          11           .0            .0            1.0           720.0         .000
 1995          12           .0            .0            1.0           744.0         .000
 1996          1            .0            .0            1.0           744.0         .000
 1996          2            .0            .0            1.0           696.0         .000
 1996          3            .0            .0            1.0           744.0         .000
 1996          4            6.0           13.3          7.0           91.4          1.409
 1996          5            7.0           10.3          7.0           96.0          .849
 1996          6            15.0          7.7           15.0          40.3          1.666
 1996          7            12.0          10.0          12.0          52.0          1.529
 1996          8            13.0          10.8          13.0          46.5          3.484
 1996          9            7.0           11.0          8.0           80.4          1.395
 1996          10           4.0           14.8          5.0           137.0         .661
 1996          11           .0            .0            1.0           720.0         .000
 1996          12           .0            .0            1.0           744.0         .000
 1997          1            .0            .0            1.0           744.0         .000
 1997          2            .0            .0            1.0           672.0         .000
 1997          3            .0            .0            1.0           744.0         .000
 1997          4            10.0          9.5           11.0          56.8          1.289
 1997          5            11.0          6.2           12.0          56.3          1.184
 1997          6            13.0          11.0          14.0          41.2          1.358
 1997          7            9.0           9.6           10.0          65.8          2.265
 1997          8            11.0          17.3          12.0          46.2          2.507
 1997          9            6.0           10.3          7.0           94.0          2.356
 1997          10           3.0           5.7           4.0           181.8         1.265
 1997          11           .0            .0            1.0           720.0         .000
 1997          12           .0            .0            1.0           744.0         .000
 1998          1            .0            .0            1.0           744.0         .000
 1998          2            .0            .0            1.0           672.0         .000
 1998          3            .0            .0            1.0           744.0         .000
 1998          4            7.0           7.9           8.0           83.1          1.504
 1998          5            11.0          12.9          12.0          50.2          1.488
 1998          6            12.0          21.8          13.0          35.3          1.355
 1998          7            9.0           4.6           9.0           77.9          3.312
 1998          8            11.0          4.5           12.0          57.9          5.271
 1998          9            5.0           30.0          6.0           95.0          1.578
 1998          10           6.0           14.3          7.0           94.0          1.164
 1998          11           .0            .0            1.0           720.0         .000
 1998          12           .0            .0            1.0           744.0         .000
 1999          1            .0            .0            1.0           744.0         .000
 1999          2            .0            .0            1.0           672.0         .000
 1999          3            .0            .0            1.0           744.0         .000
 1999          4            8.0           15.9          9.0           65.9          .965
 1999          5            10.0          19.6          10.0          54.8          .919
 1999          6            9.0           15.8          10.0          57.8          2.070
 1999          7            14.0          12.5          15.0          37.9          2.324
 1999          8            16.0          7.3           16.0          39.2          2.271
 1999          9            6.0           12.3          7.0           92.3          2.873
 1999          10           5.0           20.4          5.0           128.4         1.309
 1999          11           .0            .0            1.0           711.0         .000
 1999          12           .0            .0            1.0           744.0         .000
 2000          1            .0            .0            1.0           744.0         .000
 2000          2            .0            .0            1.0           696.0         .000
 2000          3            .0            .0            1.0           744.0         .000
 2000          4            8.0           15.0          9.0           66.7          .461
 2000          5            5.0           10.4          6.0           115.3         1.204
 2000          6            9.0           22.6          10.0          51.7          1.789
 2000          7            7.0           14.1          8.0           80.6          3.442
 2000          8            12.0          18.3          12.0          43.6          1.735
 2000          9            5.0           4.6           6.0           116.2         3.796
 2000          10           7.0           18.7          7.0           87.6          1.522
 2000          11           .0            .0            1.0           711.0         .000
 2000          12           .0            .0            1.0           744.0         .000
 2001          1            .0            .0            1.0           744.0         .000
 2001          2            .0            .0            1.0           672.0         .000
 2001          3            .0            .0            1.0           744.0         .000
 2001          4            9.0           5.7           10.0          66.9          1.263
 2001          5            11.0          9.0           12.0          53.8          .823
 2001          6            11.0          22.6          12.0          39.3          1.701
 2001          7            10.0          13.1          10.0          61.0          1.223
 2001          8            19.0          6.3           20.0          31.2          2.713
 2001          9            8.0           21.5          9.0           60.9          2.276
 2001          10           3.0           9.0           4.0           179.3         .611
 2001          11           .0            .0            1.0           720.0         .000
 2001          12           .0            .0            1.0           744.0         .000
 2002          1            .0            .0            1.0           744.0         .000
 2002          2            .0            .0            1.0           672.0         .000
 2002          3            .0            .0            1.0           744.0         .000
 2002          4            12.0          14.2          12.0          45.8          1.084
 2002          5            14.0          14.0          15.0          36.5          .480
 2002          6            12.0          8.5           12.0          51.5          1.491
 2002          7            11.0          8.3           11.0          59.1          2.326
 2002          8            13.0          20.4          14.0          34.2          1.408
 2002          9            8.0           14.3          9.0           67.3          2.539
 2002          10           7.0           12.6          8.0           82.0          1.169
 2002          11           .0            .0            1.0           720.0         .000
 2002          12           .0            .0            1.0           744.0         .000
 2003          1            .0            .0            1.0           744.0         .000
 2003          2            .0            .0            1.0           672.0         .000
 2003          3            .0            .0            1.0           744.0         .000
 2003          4            12.0          9.0           13.0          47.1          1.562
 2003          5            7.0           14.7          8.0           80.1          .927
 2003          6            5.0           17.4          6.0           105.5         1.174
 2003          7            3.0           5.3           4.0           182.0         3.006
 2003          8            10.0          7.7           11.0          60.6          2.617
 2003          9            7.0           7.9           8.0           83.1          1.525
 2003          10           4.0           5.8           5.0           144.2         2.839
 2003          11           .0            .0            1.0           720.0         .000
 2003          12           .0            .0            1.0           744.0         .000
 2004          1            .0            .0            1.0           744.0         .000
 2004          2            .0            .0            1.0           696.0         .000
 2004          3            .0            .0            1.0           744.0         .000
 2004          4            6.0           7.2           6.0           112.8         1.844
 2004          5            9.0           13.7          9.0           68.9          1.724
 2004          6            6.0           8.5           7.0           95.6          1.396
 2004          7            6.0           6.8           7.0           100.4         4.085
 2004          8            8.0           13.6          9.0           70.6          6.104
 2004          9            10.0          12.7          11.0          53.9          1.391
 2004          10           1.0           20.0          2.0           362.0         1.050
 2004          11           .0            .0            1.0           720.0         .000
 2004          12           .0            .0            1.0           744.0         .000
 2005          1            .0            .0            1.0           744.0         .000
 2005          2            .0            .0            1.0           672.0         .000
 2005          3            .0            .0            1.0           744.0         .000
 2005          4            8.0           10.1          8.0           79.5          1.123
 2005          5            14.0          17.6          15.0          33.1          1.202
 2005          6            8.0           13.0          9.0           68.4          1.650
 2005          7            3.0           32.3          4.0           161.8         5.735
 2005          8            12.0          12.8          12.0          49.2          3.860
 2005          9            3.0           23.3          4.0           162.5         3.727
 2005          10           6.0           13.7          7.0           94.6          1.571
 2005          11           .0            .0            1.0           720.0         .000
 2005          12           .0            .0            1.0           744.0         .000
 2006          1            .0            .0            1.0           744.0         .000
 2006          2            .0            .0            1.0           672.0         .000
 2006          3            .0            .0            1.0           744.0         .000
 2006          4            9.0           8.3           10.0          64.5          .800
 2006          5            9.0           18.6          9.0           64.1          1.695
 2006          6            12.0          17.5          13.0          39.2          1.822
 2006          7            13.0          12.3          14.0          41.7          2.523
 2006          8            11.0          5.4           12.0          57.1          2.902
 2006          9            7.0           11.6          8.0           79.9          2.132
 2006          10           1.0           2.0           2.0           371.0         5.150
 2006          11           .0            .0            1.0           720.0         .000
 2006          12           .0            .0            1.0           744.0         .000
 2007          1            .0            .0            1.0           744.0         .000
 2007          2            .0            .0            1.0           672.0         .000
 2007          3            .0            .0            1.0           744.0         .000
 2007          4            8.0           19.3          9.0           62.9          .938
 2007          5            8.0           7.8           9.0           75.8          1.629
 2007          6            12.0          10.0          13.0          46.2          2.000
 2007          7            9.0           4.2           10.0          70.6          2.763
 2007          8            12.0          16.3          13.0          42.2          2.423
 2007          9            10.0          13.4          11.0          53.3          3.459
 2007          10           4.0           17.0          4.0           169.0         3.662
 2007          11           .0            .0            1.0           717.0         .000
 2007          12           .0            .0            1.0           744.0         .000
 2008          1            .0            .0            1.0           744.0         .000
 2008          2            .0            .0            1.0           696.0         .000
 2008          3            .0            .0            1.0           744.0         .000
 2008          4            11.0          7.6           11.0          57.4          1.680
 2008          5            9.0           7.3           10.0          67.8          1.452
 2008          6            15.0          7.1           16.0          38.4          2.505
 2008          7            11.0          10.3          12.0          52.6          3.305
 2008          8            14.0          5.0           14.0          48.1          3.086
 2008          9            12.0          9.2           13.0          46.9          2.577
 2008          10           6.0           5.0           7.0           102.0         .933
 2008          11           .0            .0            1.0           720.0         .000
 2008          12           .0            .0            1.0           744.0         .000
 2009          1            .0            .0            1.0           744.0         .000
 2009          2            .0            .0            1.0           672.0         .000
 2009          3            .0            .0            1.0           744.0         .000
 2009          4            5.0           14.2          6.0           108.2         1.331
 2009          5            6.0           8.7           7.0           98.9          2.317
 2009          6            8.0           11.4          9.0           69.9          1.709
 2009          7            11.0          7.5           12.0          55.1          2.693
 2009          8            15.0          11.7          16.0          35.5          3.028
 2009          9            7.0           13.1          7.0           89.7          3.174
 2009          10           3.0           6.0           3.0           242.0         1.417
 2009          11           .0            .0            1.0           720.0         .000
 2009          12           .0            .0            1.0           744.0         .000
 2010          1            .0            .0            1.0           744.0         .000
 2010          2            .0            .0            1.0           672.0         .000
 2010          3            .0            .0            1.0           744.0         .000
 2010          4            10.0          12.6          11.0          54.0          1.183
 2010          5            11.0          15.0          12.0          48.3          1.500
 2010          6            11.0          16.6          11.0          48.5          1.863
 2010          7            9.0           16.9          10.0          59.2          2.135
 2010          8            13.0          5.5           13.0          51.8          1.972
 2010          9            15.0          8.9           16.0          36.7          2.038
 2010          10           8.0           8.9           9.0           74.8          1.585
 2010          11           .0            .0            1.0           720.0         .000
 2010          12           .0            .0            1.0           744.0         .000
 2011          1            .0            .0            1.0           744.0         .000
 2011          2            .0            .0            1.0           672.0         .000
 2011          3            .0            .0            1.0           744.0         .000
 2011          4            8.0           6.4           9.0           74.3          1.392
 2011          5            7.0           6.0           8.0           87.8          1.619
 2011          6            12.0          11.4          13.0          44.8          1.861
 2011          7            16.0          4.0           17.0          40.0          2.570
 2011          8            15.0          10.5          15.0          39.1          3.656
 2011          9            6.0           10.5          7.0           93.9          .889
 2011          10           5.0           7.2           6.0           118.0         .889
 2011          11           .0            .0            1.0           720.0         .000
 2011          12           .0            .0            1.0           744.0         .000
 2012          1            .0            .0            1.0           744.0         .000
 2012          2            .0            .0            1.0           696.0         .000
 2012          3            1.0           21.0          2.0           361.5         2.524
 2012          4            15.0          6.2           16.0          39.2          1.425
 2012          5            9.0           10.1          10.0          65.3          2.198
 2012          6            14.0          12.0          15.0          36.8          2.429
 2012          7            14.0          3.1           15.0          46.7          2.818
 2012          8            13.0          11.8          13.0          45.5          2.592
 2012          9            9.0           12.2          9.0           67.8          2.091
 2012          10           2.0           11.0          3.0           240.7         1.591
 2012          11           .0            .0            1.0           720.0         .000
 2012          12           .0            .0            1.0           744.0         .000
 2013          1            .0            .0            1.0           744.0         .000
 2013          2            .0            .0            1.0           672.0         .000
 2013          3            .0            .0            1.0           744.0         .000
 2013          4            10.0          9.3           10.0          62.4          1.263
 2013          5            12.0          10.3          13.0          47.7          .758
 2013          6            13.0          13.6          14.0          38.8          2.025
 2013          7            4.0           10.5          4.0           174.8         3.179
 2013          8            9.0           11.2          10.0          64.3          3.787
 2013          9            5.0           13.4          6.0           108.8         2.701
 2013          10           2.0           28.5          3.0           229.0         4.991
 2013          11           .0            .0            1.0           720.0         .000
 2013          12           1.0           65.0          2.0           339.5         1.692
 2014          1            .0            .0            1.0           744.0         .000
 2014          2            .0            .0            1.0           672.0         .000
 2014          3            .0            .0            1.0           744.0         .000
 2014          4            10.0          5.8           11.0          60.2          1.241
 2014          5            15.0          9.9           15.0          39.6          1.723
 2014          6            12.0          13.3          12.0          46.6          2.412
 2014          7            11.0          7.0           12.0          55.6          3.162
 2014          8            21.0          6.3           21.0          28.9          3.383
 2014          9            9.0           10.3          10.0          62.7          2.151
 2014          10           2.0           4.0           3.0           245.3         2.563
 2014          11           .0            .0            1.0           720.0         .000
 2014          12           .0            .0            1.0           744.0         .000
 2015          1            .0            .0            1.0           744.0         .000
 2015          2            .0            .0            1.0           672.0         .000
 2015          3            .0            .0            1.0           744.0         .000
 2015          4            6.0           6.5           7.0           97.3          1.013
 2015          5            11.0          11.1          12.0          51.8          1.689
 2015          6            12.0          11.3          13.0          44.9          1.313
 2015          7            11.0          15.4          12.0          47.9          1.473
 2015          8            13.0          11.4          14.0          42.6          3.429
 2015          9            9.0           11.2          10.0          61.9          1.842
 2015          10           7.0           5.0           7.0           101.3         1.200
 2015          11           1.0           9.0           1.0           711.0         .778
 2015          12           .0            .0            1.0           744.0         .000
 2016          1            .0            .0            1.0           744.0         .000
 2016          2            .0            .0            1.0           696.0         .000
 2016          3            .0            .0            1.0           744.0         .000
 2016          4            15.0          6.9           16.0          38.6          1.383
 2016          5            17.0          7.6           17.0          36.1          1.658
 2016          6            12.0          11.1          13.0          45.2          1.726
 2016          7            7.0           9.9           8.0           84.4          1.435
 2016          8            11.0          10.8          12.0          52.1          1.479
 2016          9            6.0           30.7          7.0           76.6          3.293
 2016          10           9.0           16.1          10.0          59.9          1.359
 2016          11           .0            .0            1.0           720.0         .000
 2016          12           .0            .0            1.0           744.0         .000
 2017          1            .0            .0            1.0           744.0         .000
 2017          2            .0            .0            1.0           672.0         .000
 2017          3            .0            .0            1.0           744.0         .000
 2017          4            7.0           12.0          8.0           79.5          .982
 2017          5            8.0           7.3           9.0           76.2          1.069
 2017          6            13.0          23.2          14.0          29.9          1.095
 2017          7            9.0           6.9           10.0          68.2          2.266
 2017          8            12.0          5.7           12.0          56.3          2.654
 2017          9            8.0           7.4           9.0           73.4          1.542
 2017          10           4.0           19.5          5.0           133.2         1.224
 2017          11           .0            .0            1.0           720.0         .000
 2017          12           .0            .0            1.0           744.0         .000
 2018          1            .0            .0            1.0           744.0         .000
 2018          2            .0            .0            1.0           672.0         .000
 2018          3            .0            .0            1.0           744.0         .000
 2018          4            8.0           6.3           8.0           83.4          1.440
 2018          5            15.0          9.0           15.0          40.3          2.441
 2018          6            8.0           12.8          9.0           68.7          2.642
 2018          7            15.0          5.9           16.0          40.9          4.404
 2018          8            10.0          21.4          11.0          48.2          2.124
 2018          9            9.0           14.7          10.0          58.8          1.136
 2018          10           4.0           14.5          5.0           137.2         .957
 2018          11           .0            .0            1.0           720.0         .000
 2018          12           .0            .0            1.0           744.0         .000
 2019          1            .0            .0            1.0           744.0         .000
 2019          2            .0            .0            1.0           672.0         .000
 2019          3            .0            .0            1.0           744.0         .000
 2019          4            15.0          9.9           15.0          38.1          1.826
 2019          5            9.0           11.7          8.0           79.5          1.933
 2019          6            11.0          19.6          11.0          45.8          1.442
 2019          7            12.0          16.7          13.0          41.8          1.483
 2019          8            12.0          9.9           13.0          48.1          4.084
 2019          9            5.0           12.2          5.0           131.4         1.049
 2019          10           5.0           14.6          5.0           134.2         1.555
 2019          11           .0            .0            1.0           720.0         .000
 2019          12           .0            .0            1.0           744.0         .000
